filter_n_temp=9
filter_elapsed=75.721663283
rel_err_alpha=0.05933835001174437
rel_err_a=0.12408527905959366
rel_err_sigma_x=0.15304799442826728
rel_err_gamma=0.17631723326730953
rel_err_sigma_u=0.17054376445943695
rel_err_sigma_obs=0.0028724841982943894
rate_post=1.0
rate_oracle=1.0
rate_default=1.0
cost_post=0.011668913230770303
cost_oracle=0.01223668153835105
cost_default=0.0125
