filter_n_temp=11
filter_elapsed=146.055567344
rel_err_alpha=0.1485343111034585
rel_err_a=0.1222675395656867
rel_err_sigma_x=0.19179302847454283
rel_err_gamma=0.13150686695782188
rel_err_sigma_u=0.00047531173579778985
rel_err_sigma_obs=0.018582655876356324
rate_post=1.0
rate_oracle=1.0
rate_default=1.0
cost_post=0.011355485308646203
cost_oracle=0.012787784681078
cost_default=0.0125
