filter_n_temp=11
filter_elapsed=157.287428849
rel_err_alpha=0.09980125290210884
rel_err_a=0.1535772091489933
rel_err_sigma_x=0.2511231028352058
rel_err_gamma=0.0023123609036639348
rel_err_sigma_u=0.04762950973473887
rel_err_sigma_obs=0.038414145197796096
rate_post=1.0
rate_oracle=1.0
rate_default=1.0
cost_post=0.011046058150454884
cost_oracle=0.01223668153835105
cost_default=0.0125
