lqr_perfect=5.412179203245702
lqg_mc=5.6652364723115065
ol_mc=9.396093789330264
smc_cost_A2=9.710700219833184
ratio_A2=1.0334826830762558
smc_cost_A3=5.516135712052189
ratio_A3=0.9736814586667232
K_rms=0.25118189267321167
riccati_cost=5.504673456786638
